8 4 13 5 3 2 1 6 1 4 4 2 1 3 3 2
2 4 23 3 5 2 1 6 3 2 3 4 5 5 1 2 6 2 4 3 3 5 6 2 1 1
8 2 18 6 5 1 4 6 2 1 2 2 3 4 4 3 5 3 4 3 6
6 2 12 5 2 3 2 6 4 1 4 1 4 6 3
7 5 11 2 3 6 3 4 1 6 5 4 5 3
2 5 11 1 5 4 2 5 2 2 1 2 4 4
6 5 16 5 2 6 2 5 6 6 2 1 5 3 5 2 2 4 4
2 5 16 5 2 4 6 3 5 3 1 4 5 4 5 4 3 3 3
8 5 21 5 3 4 5 1 6 1 5 4 4 1 2 1 4 5 1 3 6 3 4 4
5 4 23 4 6 6 1 6 6 2 5 5 4 2 2 5 1 3 6 3 3 4 6 4 3 6
7 3 11 3 6 1 5 3 4 4 3 4 2 4
8 2 22 4 4 5 4 6 2 2 6 6 4 5 4 4 2 3 3 2 4 6 4 3 6
4 5 10 4 3 1 1 6 1 4 4 4 2
6 4 13 6 5 5 2 4 2 2 2 6 6 1 6 2
6 1 14 2 4 2 5 3 4 5 1 6 2 2 3 5 1
8 1 22 3 1 4 5 6 4 4 4 4 6 1 5 4 3 4 6 6 6 6 3 3 4
1 2 12 6 6 4 3 2 4 2 6 6 6 4 3
6 5 14 6 6 2 6 6 1 3 3 5 3 3 5 1 2
4 2 11 5 6 4 6 4 5 4 6 6 3 4
7 5 18 5 2 5 1 1 6 4 2 5 1 6 3 1 6 4 5 3 3
6 4 14 3 6 3 1 4 5 5 6 6 1 2 2 5 4
6 5 12 1 6 1 1 4 3 4 4 3 4 6 5
2 5 14 5 5 2 4 3 2 2 6 2 3 6 5 4 5
5 3 21 5 3 5 4 5 2 2 5 1 6 3 6 6 1 6 6 2 1 5 2 6
4 2 17 1 6 5 3 4 6 5 4 4 1 4 2 4 2 4 4 6
6 4 17 1 1 5 2 6 2 6 2 6 3 3 6 3 3 1 2 4
4 5 10 6 5 2 3 6 6 6 6 2 4
7 5 18 4 2 4 3 2 2 2 5 5 6 4 2 3 1 6 6 1 2
4 5 21 1 1 2 4 1 3 3 6 6 4 3 4 2 1 3 4 5 4 2 3 3
5 3 18 3 4 4 2 4 5 3 4 5 2 3 6 2 3 3 5 5 2
4 5 9 6 3 4 3 3 6 6 1 4
8 3 14 6 2 5 6 2 1 4 4 4 6 4 3 3 3
5 4 23 5 5 3 6 6 6 5 3 4 1 6 6 2 2 5 4 1 3 5 4 5 1 2
2 5 13 2 4 4 3 6 1 2 1 1 6 3 6 4
1 2 22 5 2 6 6 5 4 6 3 2 5 2 4 6 3 5 3 6 6 6 5 4 1
1 5 15 2 6 5 3 5 1 4 6 4 5 1 3 3 1 5
7 4 12 1 6 3 4 3 1 1 3 1 2 2 3
3 2 19 3 2 1 6 5 4 6 5 4 4 4 2 1 5 1 5 6 1 5
7 5 17 2 5 3 6 1 3 5 2 6 4 1 3 1 2 6 5 4
7 5 19 6 6 3 4 6 6 6 5 5 2 5 5 1 1 6 5 3 2 6
8 5 21 5 2 3 3 1 3 1 3 4 4 1 3 2 5 3 5 1 3 5 2 6
6 3 13 1 2 1 1 3 6 3 5 1 6 5 5 5
8 5 11 2 6 5 1 3 1 6 1 2 4 6
1 6 13 4 1 6 1 2 6 6 2 5 2 4 5 1
5 5 12 5 6 4 6 1 6 1 4 1 3 4 3
7 2 18 5 5 3 4 1 5 1 5 1 4 2 1 5 1 3 3 4 4
2 5 21 3 3 2 6 4 3 5 1 3 4 3 1 1 3 5 2 1 3 4 3 5
3 4 15 1 5 1 5 1 4 5 3 3 2 5 4 2 6 6
1 3 14 5 4 4 5 1 2 2 5 4 4 2 6 3 1
5 5 19 5 6 4 2 3 4 4 2 1 5 1 2 6 6 2 4 3 5 3
5 4 14 3 4 3 5 2 2 4 5 6 1 3 1 3 3
4 2 11 6 5 2 6 1 6 6 5 6 3 5
6 3 17 6 4 5 2 2 4 1 3 2 6 3 5 2 6 4 1 2
1 5 22 1 5 3 4 5 4 2 2 1 6 6 3 3 5 1 5 1 3 6 3 2 3
8 3 19 1 3 2 1 6 1 5 6 1 5 5 2 6 4 1 6 1 3 2
3 4 19 5 1 3 5 1 6 3 5 3 2 5 2 6 5 1 4 4 5 3
1 1 22 2 3 1 6 5 6 1 6 1 2 1 3 6 4 2 3 6 2 1 3 2 1
5 5 14 3 6 3 5 1 4 5 4 5 6 3 1 6 6
3 5 20 6 5 6 1 4 6 4 2 1 5 2 2 1 2 3 5 5 6 1 6
3 5 19 3 6 5 2 1 4 5 3 4 2 4 4 2 1 2 4 2 1 3
6 3 21 6 5 5 4 3 2 5 2 6 2 1 3 5 2 2 6 5 6 6 1 3
5 1 22 5 2 3 3 2 4 3 3 2 4 6 5 6 3 3 1 1 4 3 1 3 3
2 2 11 6 2 1 1 1 5 6 2 4 1 1
8 3 19 4 1 3 2 3 1 3 1 4 6 4 6 6 2 1 3 4 2 4
5 5 13 1 3 4 1 6 5 1 3 5 4 3 5 2
8 3 13 2 4 6 1 5 3 6 6 6 3 4 3 5
8 3 12 3 6 6 5 3 3 1 6 3 3 1 5
2 5 15 1 6 4 2 6 2 6 2 1 1 5 3 4 1 3
1 5 18 3 6 4 1 4 2 6 5 2 5 6 3 1 6 6 3 1 1
7 4 10 3 4 2 2 3 6 5 1 3 2
7 3 13 6 5 4 3 3 1 6 6 1 6 4 5 2
3 5 11 4 1 6 1 3 1 3 2 2 5 6
6 5 22 1 3 5 2 6 6 6 1 3 6 2 2 3 6 4 5 2 6 3 6 4 4
3 3 12 6 3 1 3 6 4 5 4 6 6 4 1
4 4 21 3 4 3 1 3 3 2 4 4 6 6 5 6 1 6 1 2 5 3 3 2
3 5 23 4 6 5 3 3 3 4 6 3 5 2 1 1 4 5 3 5 6 6 6 4 1 4
4 5 20 5 4 4 2 1 2 4 1 5 5 2 4 6 3 5 2 4 4 3 4
3 3 22 4 4 5 3 4 3 3 6 6 5 5 4 5 3 1 2 6 6 4 1 1 5
1 2 17 4 6 3 3 4 1 5 3 3 6 5 2 6 3 6 5 5
5 5 22 5 6 5 6 1 2 2 3 1 2 2 3 2 5 6 5 4 1 3 2 2 6
4 5 19 4 2 4 3 5 5 6 6 6 2 3 6 3 6 1 4 4 2 1
7 1 20 4 6 4 1 2 1 6 3 4 5 4 2 4 6 3 3 1 5 1 1
5 1 16 3 6 3 4 3 3 1 4 5 5 5 4 5 6 5 5
1 2 14 4 2 1 5 6 3 4 5 3 6 4 3 5 4
2 3 17 6 1 2 4 1 4 3 1 2 3 6 6 6 2 3 3 3
1 4 10 1 2 5 2 3 2 3 1 1 2
7 3 9 1 5 5 4 5 3 6 1 3
7 4 23 6 3 1 3 2 1 3 6 5 5 4 1 2 1 5 1 5 1 4 4 2 2 6
7 4 10 4 3 4 4 3 4 4 1 6 2
3 3 18 2 6 5 4 3 4 1 5 1 1 5 3 4 6 2 4 4 1
7 5 10 3 6 4 4 5 1 4 2 5 2
7 4 11 5 3 3 5 5 4 4 5 6 5 6
4 5 12 5 3 6 3 2 1 4 5 6 5 2 5
6 5 11 1 4 1 3 1 5 6 6 2 3 6
4 5 23 4 5 5 6 5 2 1 3 3 5 5 3 3 2 2 4 6 6 2 6 5 2 1
3 3 9 1 6 6 4 6 1 4 1 3
6 6 13 6 5 3 6 4 4 6 3 3 4 4 4 1
2 3 19 4 1 5 6 5 2 3 2 5 6 5 4 5 5 3 3 6 5 1
4 5 17 4 1 4 1 2 3 5 5 1 2 6 4 5 5 1 3 4
2 5 14 1 1 1 5 3 4 6 4 1 2 5 5 2 3
3 4 15 2 6 4 5 1 5 5 4 4 2 3 2 2 2 1
8 4 9 5 4 5 2 5 3 2 3 6
5 5 13 5 4 5 2 3 1 2 1 2 4 4 3 2
3 5 14 1 6 1 2 3 4 4 1 1 3 2 6 4 5
7 1 13 4 3 6 2 1 2 6 6 5 6 4 1 6
5 5 17 1 1 1 6 1 2 1 5 3 3 5 5 2 1 4 5 3
2 5 20 2 5 3 2 5 4 6 4 5 6 1 2 3 5 5 1 1 4 3 5
8 2 22 6 1 1 3 6 4 3 6 4 1 4 3 2 3 3 3 3 3 1 6 2 4
8 3 21 4 6 6 3 6 3 6 3 2 1 5 1 2 5 2 6 4 6 4 6 2
2 2 11 5 4 6 3 2 4 5 4 5 3 5
7 5 15 6 6 6 6 1 4 1 3 2 3 6 4 6 2 2
6 5 18 5 2 2 6 2 4 5 6 1 1 1 5 1 3 1 2 2 6
5 4 17 1 3 2 4 4 1 5 4 6 6 4 3 2 6 4 4 6
2 3 18 2 3 2 5 4 3 1 1 6 1 1 5 2 5 5 5 4 5
8 5 12 3 2 1 1 6 6 3 5 1 3 4 5
8 3 10 5 4 6 2 4 2 4 3 3 2
5 4 23 4 5 3 3 6 3 5 1 1 3 4 4 1 2 3 6 1 5 3 5 6 1 1
4 5 15 3 6 3 1 2 1 6 6 5 1 6 2 1 2 3
6 5 18 4 6 4 5 1 6 4 1 5 4 3 1 4 5 1 2 6 4
5 5 10 3 6 1 6 6 1 1 1 6 4
4 5 12 3 6 2 3 3 2 4 2 6 1 2 2
3 3 11 6 6 5 2 1 2 2 4 1 3 2
3 5 12 3 1 1 1 1 3 4 2 3 1 2 1
2 5 19 3 1 6 5 2 3 2 5 1 3 5 4 6 4 5 4 1 3 4
8 3 20 5 5 3 5 4 2 3 6 4 3 6 2 5 3 2 3 4 6 1 2
3 5 12 4 6 5 5 1 1 3 5 6 4 6 1
6 6 16 6 2 2 3 1 6 2 2 2 3 4 1 1 3 1 3
2 5 14 5 2 6 1 1 5 3 2 4 5 6 2 1 1
4 2 10 2 1 6 6 6 1 6 5 5 2
6 4 23 5 6 4 6 2 1 3 3 1 2 5 2 2 2 4 6 1 4 4 4 3 2 1
7 5 19 6 6 5 4 1 5 4 4 6 3 6 5 1 2 1 2 6 3 3
6 5 10 1 6 6 5 6 3 6 2 3 4
2 5 14 4 5 2 1 6 3 2 2 3 3 6 2 4 3
2 4 16 5 1 1 1 4 4 6 4 2 6 6 3 5 4 4 1
5 2 14 2 6 1 4 2 4 4 2 4 2 3 5 3 4
5 5 17 3 6 6 2 4 6 2 1 2 2 2 3 6 5 1 4 1
6 3 18 2 2 2 2 1 4 6 3 6 4 4 5 6 1 3 2 1 6
4 3 9 6 5 1 1 6 5 5 5 4
5 4 17 4 2 6 3 2 6 6 2 6 5 4 6 6 6 2 3 2
1 4 22 4 1 4 4 4 6 2 6 4 2 6 1 2 3 3 4 6 2 2 2 4 2
7 4 15 3 5 2 3 1 3 1 5 5 4 6 3 4 2 1
8 4 15 1 3 2 1 5 5 4 6 1 3 1 5 6 5 3
5 6 19 2 3 1 6 1 2 6 2 5 4 6 2 5 6 1 4 5 1 1
2 1 20 6 2 4 5 1 5 4 3 5 5 6 4 5 2 4 5 2 3 4 6
1 5 21 5 2 3 5 3 2 5 4 1 5 2 5 5 6 6 6 1 1 3 3 4
5 4 17 3 4 1 4 4 3 6 5 4 1 3 3 4 6 5 3 1
3 4 19 4 4 6 5 1 2 5 5 5 3 5 6 4 4 1 3 2 3 1
6 2 11 3 1 6 1 3 5 2 1 2 1 6
5 3 17 6 4 3 2 4 4 5 6 2 5 5 4 6 2 4 2 3
3 3 18 4 5 1 1 3 4 2 4 6 1 5 2 6 2 2 5 4 6
6 4 12 5 5 2 5 6 1 2 1 6 2 4 4
1 5 21 6 1 6 5 4 1 4 1 4 3 5 6 2 5 3 1 4 3 4 1 5
7 3 18 6 6 2 2 4 4 1 3 4 5 6 6 1 4 4 6 3 4
2 5 15 6 4 5 6 5 5 4 4 5 2 4 5 5 2 1
4 5 11 1 1 3 2 3 4 4 5 6 2 5
2 4 22 4 1 2 6 3 2 1 5 6 6 3 2 6 6 4 3 6 4 3 6 4 5
6 4 18 3 6 5 1 3 5 2 2 1 3 2 6 3 6 5 2 5 6
8 3 13 1 5 2 1 1 5 1 2 2 5 3 4 6
8 5 23 4 5 5 6 6 3 5 4 2 6 3 1 1 4 1 2 5 6 6 5 4 6 1
7 4 20 1 6 2 3 2 5 2 4 6 6 4 6 3 6 5 3 2 3 3 4
1 3 11 5 1 1 1 4 5 6 1 3 1 5
1 4 11 3 1 6 1 2 1 5 6 5 3 3
7 1 22 6 1 4 6 2 3 4 3 6 4 2 4 5 6 4 2 5 2 3 1 3 2
1 4 19 4 3 3 1 4 6 6 6 2 1 3 5 5 2 6 4 1 6 6
5 5 19 5 6 1 6 3 1 3 4 6 5 4 5 4 3 5 1 3 3 3
3 3 14 4 5 4 6 3 3 2 5 2 6 5 2 3 1
5 5 19 4 4 2 6 2 6 4 2 3 2 5 2 1 3 3 3 5 3 6
2 3 13 5 6 1 1 6 5 1 4 4 5 1 6 2
3 3 14 5 3 1 1 3 6 2 5 6 5 3 1 2 5
1 5 21 4 3 4 4 2 4 4 2 2 4 1 3 1 1 6 2 5 1 1 4 4
3 1 12 4 2 3 6 1 1 1 6 2 5 5 3
6 5 16 2 3 1 4 2 5 4 3 6 2 6 1 4 3 4 2
6 2 12 3 5 1 5 4 2 6 1 5 1 6 6
5 4 19 2 4 6 5 1 5 3 5 6 6 2 2 4 1 1 2 5 1 1
6 3 22 1 6 5 2 5 1 3 2 2 3 4 2 4 5 6 6 3 4 4 4 1 2
4 5 16 2 5 4 2 6 4 2 6 3 4 6 3 6 6 5 5
1 4 18 6 2 4 3 5 5 3 3 3 4 5 5 3 4 3 5 5 4
7 2 11 3 3 5 6 5 5 1 2 4 1 3
5 5 10 1 4 4 3 5 2 6 5 3 2
4 5 15 6 5 2 2 4 2 3 3 2 5 6 6 6 2 2
4 4 19 3 6 3 2 3 1 5 4 4 2 1 2 6 3 3 2 4 2 2
6 5 16 2 6 3 2 5 5 3 1 4 2 2 4 1 5 4 5
1 3 16 4 3 5 4 2 3 4 3 2 5 5 5 4 6 2 6
3 1 23 5 4 3 2 3 2 4 3 2 4 2 2 6 5 5 3 4 4 1 2 1 3 3
7 5 10 3 4 3 3 4 4 5 2 1 5
4 5 20 2 4 6 5 2 2 3 6 2 6 5 2 5 1 3 5 2 5 4 5
8 2 17 3 3 4 3 1 5 4 6 4 4 3 5 1 4 6 3 1
7 2 14 5 2 4 1 6 2 5 4 3 2 1 3 6 1
5 3 12 3 1 1 5 3 1 4 5 4 2 4 2
2 5 20 5 2 5 1 6 5 6 6 3 2 4 3 1 6 4 4 3 4 2 1
3 5 13 6 1 1 2 4 4 3 3 6 4 5 4 1
3 2 19 4 5 2 4 4 5 2 5 3 3 1 4 2 4 2 6 2 5 4
8 4 15 2 1 1 3 4 1 6 4 1 5 4 2 5 5 3
5 4 16 1 2 3 2 4 2 5 2 5 1 2 2 2 3 2 1
1 5 16 1 1 3 1 5 4 2 6 3 3 3 6 4 6 6 4
1 3 12 6 1 2 4 6 4 5 6 3 2 1 4
4 5 13 5 6 1 3 2 1 3 4 2 5 1 1 5
1 1 19 1 5 2 2 4 1 4 1 3 3 5 4 6 4 5 4 2 6 1
5 5 16 6 5 6 1 6 1 6 5 6 6 1 4 4 3 4 1
5 2 18 5 5 6 6 4 5 4 5 6 6 3 4 4 1 3 6 5 1
2 1 18 4 3 2 5 4 1 1 3 1 1 4 5 5 1 2 4 6 4
5 2 17 1 1 2 4 1 1 4 6 3 4 4 2 6 4 3 3 2
7 1 19 2 5 4 5 6 5 1 2 5 6 1 5 5 4 1 4 3 6 6
2 5 10 5 5 1 1 2 3 6 3 1 1
4 4 21 2 6 1 4 4 2 6 5 4 1 5 1 6 3 5 4 1 2 6 5 3
1 5 9 3 2 6 3 6 6 6 4 4
1 2 22 4 4 2 1 3 5 3 4 4 1 1 2 6 5 5 2 3 5 2 1 4 3
3 6 15 4 1 2 4 3 4 3 5 4 4 6 6 2 1 5
8 5 14 3 2 6 2 4 6 5 6 2 4 3 5 5 2
8 4 10 2 2 1 5 6 5 1 3 1 4
2 2 14 4 3 1 1 6 6 5 2 2 2 5 3 3 3
7 5 15 4 6 2 1 4 3 6 1 2 4 6 6 6 1 2
1 2 23 2 5 6 2 4 2 4 3 4 5 3 4 2 1 4 6 3 5 6 1 1 5 2
2 3 22 5 2 5 6 3 5 5 3 6 2 3 2 4 1 4 4 4 5 3 5 4 5
4 2 17 6 2 2 2 6 1 4 3 4 5 5 5 3 1 5 1 4
2 3 14 2 4 3 1 5 1 1 2 2 4 4 6 3 6
2 3 10 1 2 5 2 2 3 5 6 1 3
2 4 15 1 2 3 6 4 5 4 4 6 1 4 6 4 1 5
3 4 22 3 3 1 5 2 2 2 6 6 6 2 3 5 2 1 3 2 5 1 2 2 2
1 3 18 3 3 5 3 6 5 6 1 1 3 3 4 4 6 5 1 1 1
2 6 11 5 5 6 2 3 2 1 3 2 1 6
6 4 12 6 1 2 1 4 4 5 6 1 1 3 3
4 5 17 3 6 5 5 2 5 2 3 3 3 4 4 3 5 2 4 5
6 4 10 2 1 6 5 2 3 6 6 3 5
1 2 20 3 2 3 4 3 4 2 5 6 3 3 2 2 3 4 3 1 3 6 6
6 5 9 3 6 6 3 2 4 2 1 5
4 5 14 3 2 1 5 4 6 4 1 2 6 4 6 6 2
1 2 15 2 2 5 5 2 5 2 4 2 5 5 5 6 6 4
2 5 16 4 5 5 1 6 5 5 6 5 4 1 3 2 3 3 2
1 5 14 3 3 5 2 1 3 4 5 5 6 1 2 3 5
8 2 11 1 1 4 6 6 2 4 4 3 4 4
3 4 20 5 2 4 1 6 6 1 1 5 4 5 6 2 4 5 1 6 1 4 4
7 2 15 3 5 5 2 6 6 6 5 4 3 3 5 2 1 5
2 2 11 1 2 3 4 6 6 3 1 2 2 1
3 4 11 5 3 5 6 3 1 5 1 5 6 6